00000
0000
0000
0000
0000
0000
0000
0000
00000
0000
0000
0000
0000
0000
0000
0000
t0000
0000
0000
0000
0000
0000
00t0
0000
00000
t000
0000
0000
0000
0000
0000
0000
0t000
0000
0000
0000
0t00
0000
0000
0000
t0000
0000
0000
0000
00t0
0000
0000
0000
000t0
0000
0000
0000
0000
0t00
0000
00000
000t
0000
0000
0000
0000
0000
0000
00t00
0000
0000
0000
00t0
0000
0000
0000
000t0
0000
0000
0000
0000
0000
0000
0000
t0000
0000
0000
0000
0000
0000
00t0
0000
00000
t000
0000
0000
0000
0000
0000
0000
0t000
0000
0000
0000
0t00
0000
0000
0000
t0000
0000
0000
0000
00t0
0000
0000
0000
t0t00
0000
0000
0000
0000
0000
0000
0000
0t0t0
0000
0000
0000
0000
0000
0000
0000
t0000
0000
0000
0000
0t00
0000
0000
0000
0t0t0
0000
0000
0000
0000
0000
0000
0000
t0000
0t00
00t0
000t
0000
0000
00t0
0000
000t0
0000
0000
0000
t000
0000
t000
0000
0t000
0000
0000
0000
0t00
0000
0t00
0000
00t0
0000
0000
0000
0t00
0000
0000
0000
00000
0000
0000
0000
0000
0000
0t00
0000
t0000
0000
0000
0000
00t0
0000
00t0
0000
00t00
0000
0000
0000
00t0
0000
00t0
0000
0t000
0000
0000
0000
00t0
0000
0000
0000

00000
0000
0000
0000
0000
0000
t000
0000

0t000
0000
0000
0000
00t0
0000
00t0
0000

0t000
0000
0000
0000
0t00
0000
0t00
0000

00t00
0000
0000
0000
t000
0000
0000
0000

t0000
0000
0000
0000
0t00
0000
0000
0000

0t000
0000
0000
0000
0000
0000
0t00
t000

0t000
0000
0000
0000
0000
0000
0t00
00t0


1 233 222 31 12 221 223 21 444 34 333